837864524 MULTIPLY 20282725 479137359288933760.0
894991186 SUBTRACT 1226336646 966342652174924930.0
1706759146 MULTIPLY 759644768 448952367003806140.0
1628003348 ADD 1901432006 80979788024772896.0
1607687506 ADD 696992925 27572266665591760.0
255110793 POWER 800444706 802861594449733630.0
1705494258 SUBTRACT 118178202 149304002083925120.0
1972983634 MULTIPLY 1411436780 891401538882692350.0
1656007994 POWER 1293267498 478923346826034560.0
1694637234 POWER 154346786 998221733475201920.0
789607101 DIVIDE 1583534665 274964668054241568.0
444755783 ADD 100429500 317582600381135300.0
813254657 SUBTRACT 294365413 757954569798365820.0
2037723657 DIVIDE 1263492331 134334523459972096.0
2053436497 DIVIDE 1968377888 831245775850135420.0
1656586687 POWER 1965274782 242047915504690400.0
831691821 POWER 1497415056 252107154255999392.0
2110356887 MULTIPLY 1217028451 453977433469952320.0
396266218 SUBTRACT 1393445178 600726459662282370.0
1742147227 ADD 1186163331 679517195488648190.0
1125644715 SUBTRACT 426129093 644781971160556290.0
1576710087 DIVIDE 763760140 288802918417002110.0
681105351 DIVIDE 745864435 947239087797110910.0
375928574 ADD 1850392354 738117092088826500.0
962564782 POWER 1691094382 815028409571685890.0
494771056 ADD 1122447409 678753861527767170.0
2078989849 ADD 555146533 936261239429473660.0
722452169 ADD 707549863 21999532132450316.0
588741457 MULTIPLY 1797385260 303639190533751230.0
75052269 MULTIPLY 867600145 682884989103763970.0
1212154543 MULTIPLY 213110218 271713662959794592.0
535497650 MULTIPLY 601838888 975366445318084350.0
215919049 MULTIPLY 750268436 845651717635242240.0
1568641829 SUBTRACT 406963150 881590652453486210.0
137432312 DIVIDE 758965344 549164700263429250.0
1250895197 POWER 1968191718 667900684098944900.0
90043920 DIVIDE 583067535 469255450150859460.0
63368858 ADD 92047835 570238924842468100.0
916268499 POWER 1565878501 325440856457275390.0
1786885468 DIVIDE 1383203454 521603098396683650.0
568400513 POWER 470864759 661105648943553660.0
31629810 ADD 1625386546 144211842097950688.0
729995432 MULTIPLY 592696607 504643716349307710.0
1748109095 MULTIPLY 392110005 479036011014808060.0
1131393808 POWER 241198770 98043398268974784.0
16525771 ADD 953350248 175351943330346080.0
1499009682 SUBTRACT 1422054530 540572872294909570.0
74582176 DIVIDE 2063233284 112972892586057920.0
1550204432 SUBTRACT 470599148 445221776822460540.0
1217144053 SUBTRACT 1635557765 679815044716269820.0
719856281 POWER 241321265 955555481858193920.0
946817424 ADD 638601470 177454183899676480.0
1989090167 POWER 240699377 720638319589594500.0
244536271 ADD 372495619 77329298497210048.0
1101183471 DIVIDE 1084765897 675681687868508670.0
103545644 MULTIPLY 1861708648 100249541280057472.0
968592751 MULTIPLY 70120803 726073763049753470.0
1481873726 POWER 1599664134 341860470138605180.0
1417604011 MULTIPLY 281144047 682446578874963070.0
2037903734 SUBTRACT 2041712343 916726199542963330.0
853325892 MULTIPLY 358451539 44437051380904480.0
730397115 DIVIDE 2092450271 843683411297589890.0
1867459842 MULTIPLY 1309988268 480798190810074370.0
426353097 SUBTRACT 2089737028 145123638793829824.0
463249889 POWER 711028786 103516477005777600.0
1344445432 ADD 342559698 382859974468567420.0
1385911577 DIVIDE 1010801800 883591974545628670.0
173483032 MULTIPLY 1766452085 103234517815254608.0
1651978925 MULTIPLY 1218267400 806137216249739010.0
1652279433 DIVIDE 1714979124 914122885018872320.0
871996699 MULTIPLY 1905989456 612451245053017470.0
542061020 POWER 984468269 166491777186119840.0
861090991 POWER 320824387 226724969537718048.0
1981082170 SUBTRACT 1131857662 463166174111547900.0
518496230 ADD 171659233 215034156060433184.0
571614877 SUBTRACT 649361640 467462113298028670.0
1083921396 POWER 1071760649 874276101010962430.0
147623302 ADD 191624363 734341598820536450.0
908286751 SUBTRACT 1869644279 798706686116862210.0
2089484287 POWER 1965581537 536745562498730500.0
215424645 POWER 1099636713 21733599560785688.0
110649638 MULTIPLY 1815024528 909761459220212740.0
360983927 POWER 1942494029 80622120350615664.0
650665489 SUBTRACT 986018180 385281485935181950.0
1959003378 ADD 1706023847 601769822404204030.0
499004890 ADD 671686345 139807715591712240.0
341039196 ADD 59620279 254206484030012448.0
1987412468 MULTIPLY 953807557 528060649622436350.0
971921656 SUBTRACT 663949607 168975045175405408.0
596442605 DIVIDE 525730759 225047085371092512.0
673676953 ADD 701248739 172050516522082464.0
617828253 ADD 560443182 449243735014490300.0
1305104117 MULTIPLY 2003274490 428452451832399680.0
1234554473 DIVIDE 1592107436 989552797842156540.0
674801086 SUBTRACT 701401746 345207716262713600.0
1144081522 POWER 2143608550 8685900097476162.0
491584761 ADD 907068940 830819422817821180.0
1667554745 POWER 1927072193 845632224262979580.0
826160259 DIVIDE 1830875808 258898657903916544.0
1709613137 SUBTRACT 96283702 289867711380166340.0
