366522476 221768401
1764635904 283524887
841722759 1767387008
655380354 885869393
1430659048 1236071809
1664201329 382005892
1159704881 1599943040
1291586998 1360325184
116756890 1583664077
208738381 2019792028
492461131 1218841874
848617225 375980510
1370364318 2017686428
1922743352 386455984
1859873145 1390866581
1786902087 1724394602
1373034290 1060867494
175048692 187968600
1727878220 2038331902
1722715832 460246657
302963766 1001160472
1894703692 817255554
421674688 1500569325
970806312 744275399
2039420072 1872402556
1962153590 172236821
275437961 444404975
82168657 1687480708
920006612 1312898464
1471396908 1325599211
1559710669 1741420713
1310439765 1167524642
1293846291 1551830662
1386913826 344974124
322050973 314144503
559975408 1553147151
186517188 1687948904
292793215 671054426
1403327820 439858090
2002698682 1809284036
1368397246 1206504535
1846037460 1213809526
299381805 1900819108
40849796 1794632964
805928277 415075014
1575672732 353108012
1891273195 2133262212
531174206 3129524
2123780512 1195665419
515574181 584869951
722806516 1934873887
1251616531 897402795
983685518 1269925405
1353990591 1238224975
512229954 679822941
304831970 1274512620
229144138 1480995401
1301681195 1585763126
798024110 1887036698
757965156 803067131
70486974 1035210156
712416676 698612004
1562132806 1132161959
1829854129 803313086
463431837 1280914692
1929310163 262299625
2048932881 1844962133
1833426821 975818444
1831546395 483813569
1284602032 2073846603
599880584 1991560565
2110705786 26270163
1557313533 1249850591
1339714309 1067336710
713160643 404507308
1734707814 228329891
1383236779 1243879626
122299940 1021890899
1157246917 1193558926
1206684245 1470976679
599104873 666284001
553229913 1185943354
43761843 1649381376
1701762353 938406729
1968012782 357030174
41468888 1372839894
352220825 1128865734
1985306909 75045673
2046032965 1440734872
218557447 605203159
641149983 228139563
2101640295 1697747939
364327379 783326928
11876606 1429603674
314094283 888417775
1998796468 2128963680
202334683 690074440
217252036 347691621
2101262903 1436838373
969721705 941395340
9 1
4 5
6 1
0 9
3 4
1 3
9 0
6 8
5 2
2 6
8 2
5 8
0 9
1 1
9 3
1 2
0 4
2 1
4 8
1 5
5 4
0 0
1 5
1 4
3 0
6 2
7 9
0 9
0 9
1 5
2 9
7 0
7 4
7 1
9 9
5 1
3 9
2 1
3 7
7 2
1 2
7 9
8 1
9 3
1 6
9 3
9 1
9 7
9 8
9 0
3 6
6 8
5 3
0 9
5 6
8 1
3 7
0 2
0 7
3 1
4 2
5 2
3 0
2 6
4 1
3 2
0 6
8 5
5 3
5 2
2 4
2 9
4 0
4 6
0 5
5 5
3 0
3 7
5 8
4 1
5 4
3 8
0 8
0 6
4 8
8 5
1 9
3 7
9 8
4 0
6 1
3 6
2 8
6 2
4 6
4 0
9 3
3 3
4 5
7 0
0 0
